`output_day_n3k_slice_mix/oof_pairs.tsv.gz`: 39,986 S1, 307,900 pairs; t_ref 0.85
| t | ALL | India | US |
|---|---|---|---|
| 0.03 | 0.9299 (-0.0473) | 0.9211 (-0.0471) | 0.9358 (-0.0475) |
| 0.05 | 0.9393 (-0.0379) | 0.9308 (-0.0373) | 0.9450 (-0.0383) |
| 0.10 | 0.9512 (-0.0261) | 0.9424 (-0.0257) | 0.9570 (-0.0263) |
| 0.15 | 0.9577 (-0.0196) | 0.9488 (-0.0194) | 0.9636 (-0.0197) |
| 0.20 | 0.9621 (-0.0152) | 0.9536 (-0.0146) | 0.9677 (-0.0156) |
| 0.30 | 0.9673 (-0.0100) | 0.9589 (-0.0092) | 0.9728 (-0.0105) |
| 0.50 | 0.9727 (-0.0045) | 0.9641 (-0.0041) | 0.9785 (-0.0048) |
| 0.85 | 0.9773 (+0.0000) | 0.9682 (+0.0000) | 0.9833 (+0.0000) |
