`output_v2_train/oof_pairs.tsv.gz`: 149,998 S1, 1,382,533 pairs; t_ref 0.7
| t | ALL | India | US |
|---|---|---|---|
| 0.03 | 0.8577 (-0.1046) | 0.8544 (-0.0933) | 0.8600 (-0.1122) |
| 0.05 | 0.8846 (-0.0777) | 0.8798 (-0.0678) | 0.8879 (-0.0843) |
| 0.10 | 0.9146 (-0.0478) | 0.9073 (-0.0403) | 0.9195 (-0.0527) |
| 0.15 | 0.9286 (-0.0337) | 0.9196 (-0.0280) | 0.9346 (-0.0376) |
| 0.20 | 0.9372 (-0.0251) | 0.9270 (-0.0206) | 0.9440 (-0.0281) |
| 0.30 | 0.9479 (-0.0144) | 0.9358 (-0.0119) | 0.9560 (-0.0162) |
| 0.50 | 0.9588 (-0.0035) | 0.9453 (-0.0023) | 0.9679 (-0.0043) |
| 0.70 | 0.9623 (+0.0000) | 0.9476 (+0.0000) | 0.9722 (+0.0000) |
| 0.85 | 0.9605 (-0.0018) | 0.9449 (-0.0028) | 0.9710 (-0.0012) |
